0.604334831237793
0.5030174851417542
0.3263048231601715
0.2858886122703552
0.2534790337085724
0.6501438021659851
0.7122434973716736
0.23532645404338837
0.750926673412323
0.5460243821144104
0.5792664885520935
0.24155740439891815
0.13679420948028564
0.24982093274593353
0.30010557174682617
0.5485661625862122
0.3514222800731659
0.4667542278766632
0.15181265771389008
0.2724379599094391
0.7251282334327698
0.7281453609466553
0.2578583061695099
0.26100805401802063
0.4596410393714905
0.506155788898468
0.5078412294387817
0.5550153851509094
0.21711508929729462
0.573449432849884
0.569290280342102
0.38001054525375366
0.3832700252532959
0.572148859500885
0.3022640645503998
0.6211204528808594
0.5824941992759705
0.24674935638904572
0.7035096287727356
0.30988743901252747
0.6551623940467834
0.7931728959083557
0.2898290455341339
0.7950672507286072
0.7293999791145325
0.8011191487312317
0.278271347284317
0.2984539568424225
0.8941255211830139
0.6384965181350708
0.5487105250358582
0.5541976690292358
0.22190582752227783
0.4310964047908783
0.4123975336551666
0.20065224170684814
0.80205237865448
0.3709447681903839
0.6445440649986267
0.5235933661460876
0.652771532535553
0.2189740091562271
0.8820106387138367
0.2924068868160248
0.6758807897567749
0.1902059018611908
0.6644013524055481
0.28343966603279114
0.7288244962692261
0.28452298045158386
0.30837151408195496
0.2595188319683075
0.27654892206192017
0.756775975227356
0.46653732657432556
0.8388804197311401
0.6011096835136414
0.3360793888568878
0.6738564372062683
0.7482602000236511
0.23556995391845703
0.2160956859588623
0.6480028033256531
0.30970439314842224
0.17046807706356049
0.4869346022605896
0.620807945728302
0.6661444902420044
0.5614871382713318
0.7361489534378052
0.4088691174983978
